DMSP 5D-2 F14 (USA 131) 
1 24753U 97012A   19036.95091657  .00000017  00000-0  32130-4 0  9992
2 24753  99.0312  42.0531 0008869 169.2974 190.8389 14.15820839127819
NOAA 15                 
1 25338U 98030A   19036.93404945  .00000007  00000-0  21789-4 0  9996
2 25338  98.7574  58.3657 0009449 268.3647  91.6450 14.25893852 78073
DMSP 5D-3 F15 (USA 147) 
1 25991U 99067A   19036.95943008 -.00000098  00000-0 -26891-4 0  9993
2 25991  98.8998   1.4710 0010853  77.0098 356.5448 14.16539590989981
METEOSAT-8 (MSG-1)      
1 27509U 02040B   19036.66474312  .00000134  00000-0  00000-0 0  9999
2 27509   5.8647  56.1063 0001418 308.6417  51.4941  1.00267710 60306
DMSP 5D-3 F16 (USA 172) 
1 28054U 03048A   19036.95886443 -.00000105  00000-0 -32192-4 0  9999
2 28054  98.8499  14.4355 0007213 187.7181 249.2514 14.13701254789498
NOAA 18                 
1 28654U 05018A   19036.95316060  .00000050  00000-0  52101-4 0  9996
2 28654  99.1161  81.8086 0014296 187.4391 172.6570 14.12402331706686
METEOSAT-9 (MSG-2)      
1 28912U 05049B   19034.85417480  .00000012  00000-0  00000-0 0  9997
2 28912   3.3910  71.5186 0001308 313.4665  59.7228  1.00277472 48104
HIMAWARI-7 (MTSAT-2)    
1 28937U 06004A   19037.17962507 -.00000248  00000-0  00000+0 0  9990
2 28937   0.0513 229.0068 0003726  83.7231  32.9400  1.00272739 47403
FORMOSAT-3 FM6          
1 29047U 06011A   19036.44362340 -.00000005  00000-0  14196-4 0  9996
2 29047  71.9786  46.3776 0051489 203.3814 156.4981 14.28664638670211
FORMOSAT-3 FM1          
1 29048U 06011B   19036.93839306 -.00000010  00000-0  12279-4 0  9998
2 29048  71.9667 316.8597 0043404 159.3878 200.9022 14.28612057672754
FORMOSAT-3 FM5          
1 29049U 06011C   19036.47771946  .00000047  00000-0  34814-4 0  9991
2 29049  72.0208 126.6298 0035474 192.3035 167.7239 14.28694797668478
FORMOSAT-3 FM3          
1 29050U 06011D   19037.20553451  .00000117  00000-0  34942-4 0  9994
2 29050  72.0173 321.9956 0049086 150.7577 209.6340 14.58760972683912
FORMOSAT-3 FM4          
1 29051U 06011E   19037.18798682  .00000061  00000-0  39348-4 0  9992
2 29051  72.0059  28.1711 0066215  63.9459 296.8474 14.28721501671160
FORMOSAT-3 FM2          
1 29052U 06011F   19036.45206165  .00000078  00000-0  46874-4 0  9992
2 29052  72.0344 102.3948 0039190 152.5104 207.8117 14.28820560668560
GOES 13                 
1 29155U 06018A   19036.78983119 -.00000289  00000-0  00000-0 0  9992
2 29155   0.3631 101.4050 0008245 316.5261 302.1198  1.00265826 16417
METOP-A                 
1 29499U 06044A   19037.34482565  .00000279  00000-0  14705-3 0  9992
2 29499  98.5943  94.1620 0000436 144.5299 215.5902 14.21542468638268
DMSP 5D-3 F17 (USA 191) 
1 29522U 06050A   19036.89825784  .00000003  00000-0  24918-4 0  9992
2 29522  98.8277  55.0712 0010758 148.2055 211.9769 14.13999564632398
FENGYUN 3A              
1 32958U 08026A   19037.20327499  .00000015  00000-0  26597-4 0  9998
2 32958  98.3790  44.6337 0009560 347.0846  13.0090 14.19730393554326
FENGYUN 2E              
1 33463U 08066A   19037.09614022 -.00000208  00000-0  00000+0 0  9993
2 33463   3.3340  69.2740 0004472 258.4958 289.3011  1.00278324 37135
NOAA 19                 
1 33591U 09005A   19036.92880507  .00000012  00000-0  31733-4 0  9997
2 33591  99.1693  24.9119 0014534  34.1938 326.0166 14.12332786514901
GOES 14                 
1 35491U 09033A   19035.91493509 -.00000100  00000-0  00000+0 0  9996
2 35491   0.0019 102.8111 0009725 138.5285 118.5626  1.00269533 35199
METEOR-M 1              
1 35865U 09049A   19037.12174926  .00000010  00000-0  23197-4 0  9998
2 35865  98.4089  41.3499 0002201 172.4727 187.6484 14.22182882487232
DMSP 5D-3 F18 (USA 210) 
1 35951U 09057A   19036.95322963  .00000030  00000-0  38442-4 0  9990
2 35951  98.6162  39.5447 0010969 354.6645   5.4409 14.13173106253411
GOES 15                 
1 36411U 10008A   19035.98045215  .00000047  00000-0  00000+0 0  9996
2 36411   0.0779 271.9668 0003251 345.3535 102.6133  1.00262958 32710
COMS 1                  
1 36744U 10032A   19036.93115054 -.00000350  00000-0  00000-0 0  9996
2 36744   0.0231 120.4938 0001156 288.7203 189.9415  1.00267951 24130
FENGYUN 3B              
1 37214U 10059A   19037.22426910  .00000001  00000-0  23736-4 0  9994
2 37214  98.9819   8.0544 0016056 236.0718 123.8934 14.15906207427311
SUOMI NPP               
1 37849U 11061A   19037.21312203 -.00000006  00000-0  17862-4 0  9999
2 37849  98.7248 337.2754 0000595 102.8333   2.7172 14.19556186377070
FENGYUN 2F              
1 38049U 12002A   19036.88590144 -.00000363  00000-0  00000-0 0  9990
2 38049   0.9559  80.0526 0001095  28.6045  97.9930  1.00270813 25933
METEOSAT-10 (MSG-3)     
1 38552U 12035B   19036.59730448  .00000058  00000-0  00000-0 0  9996
2 38552   0.9889   8.3683 0000891 295.1142  56.4815  1.00279933 23939
METOP-B                 
1 38771U 12049A   19037.19641758 -.00000002  00000-0  19312-4 0  9996
2 38771  98.7231  98.2544 0001089  43.0268  32.2974 14.21480408331377
FENGYUN 3C              
1 39260U 13052A   19037.19147192 -.00000013  00000-0  14743-4 0  9993
2 39260  98.6239 100.4761 0010572 199.0174 161.0612 14.15860167278254
METEOR-M 2              
1 40069U 14037A   19037.17071046 -.00000025  00000-0  79757-5 0  9998
2 40069  98.5717  86.6538 0004626 289.6708  70.3978 14.20658468237608
HIMAWARI-8              
1 40267U 14060A   19036.23392992 -.00000282  00000-0  00000+0 0  9990
2 40267   0.0150  76.5473 0000710 261.9958  21.4243  1.00273636 15906
FENGYUN 2G              
1 40367U 14090A   19036.98098942 -.00000309  00000-0  00000-0 0  9995
2 40367   0.9372 104.5562 0002539 294.8908 189.1067  1.00279086 15084
METEOSAT-11 (MSG-4)     
1 40732U 15034A   19036.62186192 -.00000005  00000-0  00000-0 0  9999
2 40732   0.9738 228.4133 0001448  65.5421  65.9978  1.00261777 13085
ELEKTRO-L 2             
1 41105U 15074A   19036.87874808 -.00000103  00000-0  00000-0 0  9992
2 41105   0.0817 164.5964 0001316 203.2832 160.2280  1.00272249 11564
HIMAWARI-9              
1 41836U 16064A   19036.23375723 -.00000282  00000-0  00000-0 0  9993
2 41836   0.0113 289.3008 0000778  68.1646   2.5342  1.00268769  8230
GOES 16                 
1 41866U 16071A   19036.83194416 -.00000254  00000-0  00000-0 0  9997
2 41866   0.0312 219.5098 0000394 154.5365 345.9258  1.00272210  8157
FENGYUN 4A              
1 41882U 16077A   19036.88441843 -.00000335  00000-0  00000-0 0  9995
2 41882   0.0585  77.9793 0004295  17.6424 103.0966  1.00267007  8027
CYGFM05                 
1 41884U 16078A   19037.03829529  .00000313  00000-0  18400-4 0  9999
2 41884  34.9560 269.0033 0016836 283.5512  76.3324 15.14302120118652
CYGFM04                 
1 41885U 16078B   19036.91211927  .00000312  00000-0  18084-4 0  9990
2 41885  34.9492 265.6578 0015128 287.5473  72.3585 15.14807888118674
CYGFM02                 
1 41886U 16078C   19037.03703400  .00000317  00000-0  18349-4 0  9996
2 41886  34.9583 266.2733 0015923 286.2879  73.6081 15.14806961118682
CYGFM01                 
1 41887U 16078D   19037.01231483  .00000287  00000-0  17120-4 0  9994
2 41887  34.9527 269.5490 0017289 284.5894  75.2900 15.14121844118646
CYGFM08                 
1 41888U 16078E   19037.07332348  .00000300  00000-0  17605-4 0  9997
2 41888  34.9497 267.0203 0016420 288.4011  71.4915 15.14526975118668
CYGFM06                 
1 41889U 16078F   19037.01316736  .00000310  00000-0  18004-4 0  9990
2 41889  34.9577 265.0907 0014882 285.9579  73.9493 15.14799579118680
CYGFM07                 
1 41890U 16078G   19037.05750412  .00000297  00000-0  17330-4 0  9994
2 41890  34.9515 264.1412 0014604 288.3277  71.5845 15.14800326118698
CYGFM03                 
1 41891U 16078H   19037.05236101  .00000301  00000-0  17544-4 0  9992
2 41891  34.9548 264.2887 0014090 287.6258  72.2915 15.14800738118695
FENGYUN 3D              
1 43010U 17072A   19037.16191186 -.00000023  00000-0  95404-5 0  9991
2 43010  98.7013 338.6091 0002568  72.4456 287.7007 14.19713630 63631
NOAA 20                 
1 43013U 17073A   19036.94577697 -.00000002  00000-0  19790-4 0  9995
2 43013  98.7504 337.0722 0000811  66.3240 293.8021 14.19538502 63070
GOES 17                 
1 43226U 18022A   19036.00651962  .00000091  00000-0  00000+0 0  9997
2 43226   0.0278  88.9578 0003288 282.5834 348.4364  1.00273076  3476
FENGYUN 2H              
1 43491U 18050A   19036.98855728 -.00000132  00000-0  00000-0 0  9993
2 43491   1.8084 283.4970 0001995 255.9999  31.2239  1.00274177  2550
METOP-C                 
1 43689U 18087A   19036.87652131 -.00000044  00000-0  00000-0 0  9995
2 43689  98.7223  98.2226 0002412   5.8438 354.2773 14.21478064 12909
GEO-KOMPSAT-2A          
1 43823U 18100A   19036.26839515 -.00000350  00000-0  00000+0 0  9996
2 43823   0.0024 207.2025 0001380 197.3505 315.4582  1.00269226   701
